minimum_file_size maximum_file_size number_of_initial_files read_size write_size buffering read_append_ratio create_delete_ratio number_of_subdirectories 
4096 16777216 1000 32768 32768 true 1 5 1 
512 16777216 10000 512 32768 true 9 5 1 
4096 4096 10000 32768 512 true 9 9 1 
512 16777216 1000 32768 32768 false 9 9 1000 
512 4096 10000 512 32768 true 1 9 1000 
512 4096 1000 32768 512 true 9 5 1000 
4096 4096 1000 512 32768 false 9 9 1 
4096 16777216 1000 512 512 true 1 9 1000 
4096 16777216 10000 512 512 false 9 5 1000 
512 16777216 10000 32768 512 false 1 9 1 
4096 4096 10000 32768 32768 false 1 5 1000 
512 4096 1000 512 512 false 1 5 1 
